7 3 4 0 -6 0 0 0 1 1 1 cement.obj -0 10 0.5 0.8
11 3 -10 0 8 0 0 0 1 1 1 cement.obj -0 10 0.5 0.8
12 3 -10 0 1 0 0 0 1 1 1 cement.obj -0 10 0.5 0.8
16 3 4 0 8 0 0 0 1 1 1 cement.obj -0 10 0.5 0.8
17 0 -3 0 2.5 0 0 0 0.0295819 0.0295819 0.0295819 TRAYSIKEL.obj -0.030169 999 0.1 0.99
19 0 -3 0 1 0 0 0 0.0295819 0.0295819 0.0295819 TRAYSIKEL.obj -0.030169 999 0.1 0.99
20 0 -3 0 4 0 0 0 0.0295819 0.0295819 0.0295819 TRAYSIKEL.obj -0.030169 999 0.1 0.99
21 0 -3 0 5.5 0 0 0 0.0295819 0.0295819 0.0295819 TRAYSIKEL.obj -0.030169 999 0.1 0.99
24 3 -3 0 1 0 -0.00579071 0 1 1 1 cement.obj -0 10 0.5 0.8
26 1 -3.5 0 7 0 0 0 1 1 1 railing.obj -0.003128 40 0.2 0.85
27 1 -5 0 6 0 1.55196 0 1 1 1 railing.obj -0.003128 40 0.2 0.85
30 3 -10 0 -6 0 0 0 1 1 1 cement.obj -0 10 0.5 0.8
31 3 -3 0 -6 0 0.00025177 0 1 1 1 cement.obj -0 10 0.5 0.8
32 1 -5 0 -7 0 4.67966 0 1 1 1 railing.obj -0.003128 40 0.2 0.85
33 3 -17 0 8 0 0 0 1 1 1 cement.obj -0 10 0.5 0.8
34 3 -17 0 1 0 0 0 1 1 1 cement.obj -0 10 0.5 0.8
35 3 -17 0 -6 0 0 0 1 1 1 cement.obj -0 10 0.5 0.8
36 3 -17 0 -13 0 0 0 1 1 1 cement.obj -0 10 0.5 0.8
37 3 -10 0 -13 0 0 0 1 1 1 cement.obj -0 10 0.5 0.8
38 3 -3 0 -13 0 0 0 1 1 1 cement.obj -0 10 0.5 0.8
39 3 4 0 -13 0 0 0 1 1 1 cement.obj -0 10 0.5 0.8
40 3 -24 0 8 0 0 0 1 1 1 cement.obj -0 999 0.1 0.99
42 3 -24 0 -6 0 0 0 1 1 1 cement.obj -0 10 0.5 0.8
43 3 -24 0 -13 0 0 0 1 1 1 cement.obj -0 10 0.5 0.8
44 3 4 0 1 0 0 0 1 1 1 cement.obj -0 10 0.5 0.8
53 3 -24 0 1 0 0 0 1 1 1 cement.obj -0 10 0.5 0.8
57 0 -25.5 0 -13 0 15.6944 0 1 1 1 bus.obj 0 999 0.1 0.99
61 0 -3.5 0 -4.5 0 -1.57249 0 1 1 1 motorcycle2.obj 0.001656 999 0.1 0.99
63 0 -3.5 0 -6 0 -1.57249 0 1 1 1 motorcycle2.obj 0.001656 999 0.1 0.99
67 1 -6 0 -8.5 0 3.14822 0 1 1 1 railing.obj -0.003128 40 0.2 0.85
68 0 -20 0 -13 0 15.6944 0 1 1 1 bus.obj 0 999 0.1 0.99
69 0 -14 0 -13 0 15.6944 0 1 1 1 bus.obj 0 999 0.1 0.99
70 3 -24 0 -20 0 0 0 1 1 1 cement.obj -0 10 0.5 0.8
71 3 -17 0 -20 0 0 0 1 1 1 cement.obj -0 10 0.5 0.8
72 3 -10 0 -20 0 0 0 1 1 1 cement.obj -0 10 0.5 0.8
73 3 -3 0 -20 0 0 0 1 1 1 cement.obj -0 999 0.1 0.99
74 3 4 0 -20 0 0.0010643 0 1 1 1 cement.obj -0 10 0.5 0.8
75 3 -17 0 -27 0 0 0 1 1 1 cement.obj -0 999 0.1 0.99
76 3 -24 0 -27 0 0.000240326 0 1 1 1 cement.obj -0 10 0.5 0.8
93 0 -27 -1 -20.5 0 0 0 0.458836 0.458836 0.458836 bus_stop.obj 1.82465 10 0.5 0.8
94 0 -26 -1 -20.5 0 0 0 0.458836 0.458836 0.458836 bus_stop.obj 1.82465 10 0.5 0.8
95 0 -25 -1 -20.5 0 0 0 0.458836 0.458836 0.458836 bus_stop.obj 1.82465 10 0.5 0.8
96 0 -24 -1 -20.5 0 0 0 0.458836 0.458836 0.458836 bus_stop.obj 1.82465 10 0.5 0.8
97 0 -23 -1 -20.5 0 0 0 0.458836 0.458836 0.458836 bus_stop.obj 1.82465 10 0.5 0.8
98 0 -22 -1 -20.5 0 0 0 0.458836 0.458836 0.458836 bus_stop.obj 1.82465 10 0.5 0.8
99 0 -21 -1 -20.5 0 0 0 0.458836 0.458836 0.458836 bus_stop.obj 1.82465 10 0.5 0.8
100 0 -26 0.5 -23.5 0 3.12383 0 0.133091 0.133091 0.133091 food_stall1.obj -0.452075 10 0.5 0.8
101 1 -20 0 -20.5 0 0 0 1.35005 1.35005 1.35005 street_light.obj 0 18 0.25 0.9
103 0 -26.5 0 -15.5 0 0 0 0.366534 0.366534 0.366534 road_block.obj 0 10 0.5 0.8
104 0 -24.5 0 -15.5 0 0 0 0.366534 0.366534 0.366534 road_block.obj 0 10 0.5 0.8
105 0 -21 0 -15.5 0 0 0 0.366534 0.366534 0.366534 road_block.obj 0 10 0.5 0.8
106 0 -19 0 -15.5 0 0 0 0.366534 0.366534 0.366534 road_block.obj 0 10 0.5 0.8
107 0 -15 0 -15.5 0 0 0 0.366534 0.366534 0.366534 road_block.obj 0 10 0.5 0.8
108 0 -13 0 -15.5 0 0 0 0.366534 0.366534 0.366534 road_block.obj 0 10 0.5 0.8
110 3 -3 0 -27 0 0 0 1 1 1 cement.obj -0 10 0.5 0.8
111 3 4 0 -27 0 0 0 1 1 1 cement.obj -0 10 0.5 0.8
112 3 -24 0 -34 0 0 0 1 1 1 cement.obj -0 10 0.5 0.8
113 3 -17 0 -34 0 0 0 1 1 1 cement.obj -0 10 0.5 0.8
114 3 -10 0 -34 0 0 0 1 1 1 cement.obj -0 10 0.5 0.8
115 3 -3 0 -34 0 0 0 1 1 1 cement.obj -0 10 0.5 0.8
116 3 4 0 -34 0 0 0 1 1 1 cement.obj -0 10 0.5 0.8
119 3 -10 0 -27 0 0 0 1 1 1 cement.obj -0 10 0.5 0.8
144 0 -16.5 0 -26 0 0 0 1 1 1 house_1.obj 3.91755 10 0.5 0.8
145 0 -5.5 0 -20 0 -0.147271 0 1 1 1 motorcycle2.obj 0.001656 999 0.1 0.99
146 0 -3 0 -20 0 -0.147271 0 1 1 1 motorcycle2.obj 0.001656 999 0.1 0.99
147 0 -8 0 -26.5 0 -0.25619 0 2.88358 2.88358 2.88358 grocery_store.obj -0.064991 10 0.5 0.8
149 1 -1 0 -18.5 0 0 0 2.29182 2.29182 2.29182 trash_bin1.obj 2.6e-05 12 0.45 0.7
157 1 -0.5 0 -18.5 0 0.0504913 0 2.25859 2.25859 2.25859 trash_bin1.obj 2.6e-05 12 0.45 0.7
158 1 -1 0 -18 0 0.0482483 0 1 1 1 garbage_bag1.obj 0.130883 1.5 0.2 0.95
159 1 -1 0 -18.5 0 0.0482483 0 1 1 1 garbage_bag1.obj 0.130883 1.5 0.2 0.95
160 1 -1.5 0 -18 0 0.0482483 0 1 1 1 garbage_bag1.obj 0.130883 1.5 0.2 0.95
163 0 0 -1 -26 0 3.1235 0 0.849976 0.849976 0.849976 house_2.obj 2.64573 10 0.5 0.8
165 3 11 0 -27 0 0 0 1 1 1 cement.obj -0 10 0.5 0.8
166 3 11 0 -20 0 0 0 1 1 1 cement.obj -0 10 0.5 0.8
167 3 11 0 -13 0 0 0 1 1 1 cement.obj -0 10 0.5 0.8
170 1 6 0 -20.5 0 -0.0218053 0 1.0088 1.0088 1.0088 car_sedan.obj 0.741416 1100 0.12 0.9
171 3 11 0 -6 0 0 0 1 1 1 cement.obj -0 10 0.5 0.8
172 3 11 0 1 0 0 0 1 1 1 cement.obj -0 10 0.5 0.8
173 3 11 0 8 0 0 0 1 1 1 cement.obj -0 10 0.5 0.8
174 3 18 0 8 0 0 0 1 1 1 cement.obj -0 10 0.5 0.8
175 3 18 0 1 0 0 0 1 1 1 cement.obj -0 10 0.5 0.8
176 3 18 0 -6 0 0 0 1 1 1 cement.obj -0 10 0.5 0.8
178 3 18 0 -20 0 0 0 1 1 1 cement.obj -0 10 0.5 0.8
179 3 18 0 -27 0 0 0 1 1 1 cement.obj -0 10 0.5 0.8
180 3 11 0 -34 0 0 0 1 1 1 cement.obj -0 10 0.5 0.8
181 3 18 0 -34 0 0 0 1 1 1 cement.obj -0 10 0.5 0.8
186 0 7.5 0 -26.5 0 -0.00681496 0 0.843779 0.843779 0.843779 car_repair.obj 0.008542 10 0.5 0.8
194 1 15 0 -10 0 3.24435 0 0.364939 0.364939 0.364939 crate.obj 0.024633 12 0.45 0.7
195 1 15 0.313776 -9.9 0 0 0 1.63237 1.63237 1.63237 potato.obj 0.043476 0.3 0.7 0.6
197 1 15 0.213776 -10 0 0 0 0.364197 0.364197 0.364197 crate.obj 0.024633 12 0.45 0.7
198 1 15 0.313776 -10.1 0 -0.150375 0 1.54111 1.54111 1.54111 potato.obj 0.043476 0.3 0.7 0.6
199 1 15.1 0.313776 -10.1 0 -0.150375 0 1.54111 1.54111 1.54111 potato.obj 0.043476 0.3 0.7 0.6
200 1 15.1 0.313776 -10 0 -0.150375 0 1.54111 1.54111 1.54111 potato.obj 0.043476 0.3 0.7 0.6
201 1 14.9 0.313776 -10.05 0 -0.150375 0 1.54111 1.54111 1.54111 potato.obj 0.043476 0.3 0.7 0.6
202 1 15 0.313776 -10 0 -0.150375 0 1.54111 1.54111 1.54111 potato.obj 0.043476 0.3 0.7 0.6
203 1 14.9 0.313776 -9.85 0 0.0138931 0 1.63237 1.63237 1.63237 potato.obj 0.043476 0.3 0.7 0.6
204 1 14.85 0.313776 -10.05 0 -1.48949 0 1.63237 1.63237 1.63237 potato.obj 0.043476 0.3 0.7 0.6
212 1 15 0.0137761 -11.1 0 0 0 1.25032 1.25032 1.25032 potato.obj 0.043476 3 0.6 0.7
213 1 15 0 -11 0 1.60052 0 0.424408 0.424408 0.424408 crate.obj 0.024633 12 0.45 0.7
214 1 15 0.013776 -10.9 0 0 0 1.15421 1.15421 1.15421 potato.obj 0.043476 0.3 0.7 0.6
215 1 14.8 0.013776 -11.05 0 0 0 0.907394 0.907394 0.907394 potato.obj 0.043476 0.3 0.7 0.6
216 1 14.9 0.013776 -11.05 0 0 0 0.896582 0.896582 0.896582 potato.obj 0.043476 0.3 0.7 0.6
217 1 15 0.013776 -11.1 0 0 0 0.907394 0.907394 0.907394 potato.obj 0.043476 0.3 0.7 0.6
218 1 15 0.013776 -11 0 0 0 1.26561 1.26561 1.26561 potato.obj 0.043476 0.3 0.7 0.6
219 1 15 0.013776 -11 0 0 0 0.907394 0.907394 0.907394 potato.obj 0.043476 0.3 0.7 0.6
220 1 15 0.013776 -11 0 0 0 0.907394 0.907394 0.907394 potato.obj 0.043476 0.3 0.7 0.6
221 1 15 0.013776 -11 0 0 0 0.907394 0.907394 0.907394 potato.obj 0.043476 0.3 0.7 0.6
222 1 15 0.013776 -11 0 0 0 0.907394 0.907394 0.907394 potato.obj 0.043476 0.3 0.7 0.6
223 1 15 0.013776 -11 0 0 0 0.907394 0.907394 0.907394 potato.obj 0.043476 0.3 0.7 0.6
224 1 15 0.013776 -11 0 0 0 0.907394 0.907394 0.907394 potato.obj 0.043476 0.3 0.7 0.6
225 1 15.1 0.013776 -10.95 0 0 0 1.1745 1.1745 1.1745 potato.obj 0.043476 0.3 0.7 0.6
226 1 15 0.013776 -11 0 0 0 0.907394 0.907394 0.907394 potato.obj 0.043476 0.3 0.7 0.6
227 1 14.85 0.013776 -11.15 0 1.65097 0 1.25725 1.25725 1.25725 potato.obj 0.043476 0.3 0.7 0.6
228 1 14.75 0.013776 -11.15 0 -0.15033 0 0.907394 0.907394 0.907394 potato.obj 0.043476 0.3 0.7 0.6
229 1 14.75 0.013776 -11.1 0 0 0 0.907394 0.907394 0.907394 potato.obj 0.043476 0.3 0.7 0.6
230 1 14.8 0.013776 -11.1 0 0 0 0.907394 0.907394 0.907394 potato.obj 0.043476 0.3 0.7 0.6
231 1 14.8 0.013776 -11.15 0 0 0 1.1987 1.1987 1.1987 potato.obj 0.043476 0.3 0.7 0.6
232 1 14.85 0.013776 -11.2 0 0 0 0.894909 0.894909 0.894909 potato.obj 0.043476 0.3 0.7 0.6
239 1 14.95 -1 -14 0 0 0 0.274857 0.274857 0.274857 barrel.obj 1.39324 40 0.2 0.85
245 3 18 0 -13 0 0.00117874 0 1 1 1 cement.obj -0 10 0.5 0.8
246 1 16 0 -10.5 0 1.59947 0 0.241562 0.241562 0.241562 chair.obj -0 4.5 0.25 0.75
247 1 16 0 -11.5 0 2.72422 0 0.241562 0.241562 0.241562 chair.obj -0 4.5 0.25 0.75
248 1 16.5 0 -11 0 7.60118 0 0.241562 0.241562 0.241562 chair.obj -0 4.5 0.25 0.75
251 0 17 0 -13.5 0 0 0 1 1 1 truck1.obj -0.005134 10 0.5 0.8
252 1 17 0 -14.5 0 1.60052 0 0.424408 0.424408 0.424408 crate.obj 0.024633 12 0.45 0.7
254 0 17 0.733982 -13.95 0 0 0 0.599205 0.599205 0.599205 crate.obj 0.024633 10 0.5 0.8
255 0 16.95 0.760852 -15.5 0 1.57594 0 0.489821 0.489821 0.489821 crate.obj 0.024633 10 0.5 0.8
256 0 22.5 -0.95 -14.05 0 3.0989 0 0.276908 0.276908 0.276908 street_light2.obj 1.29257 10 0.5 0.8
257 0 -4 -0.95 -23 0 4.77336 0 0.276908 0.276908 0.276908 street_light2.obj 1.29257 10 0.5 0.8
258 3 25 0 -6 0 0 0 1 1 1 gravel.obj -0 10 0.5 0.8
259 3 25 0 -13 0 0 0 1 1 1 gravel.obj -0 10 0.5 0.8
260 0 22 0 -9.5 0 0 0 0.33733 0.33733 0.33733 electric_post.obj -0 10 0.5 0.8
261 0 9 0 -35.5 0 1.5542 0 0.33733 0.33733 0.33733 electric_post.obj -0 10 0.5 0.8
262 3 25 0 -20 0 0 0 1 1 1 gravel.obj -0 10 0.5 0.8
263 3 25 0 -27 0 0 0 1 1 1 gravel.obj -0 10 0.5 0.8
264 3 25 0 -34 0 0 0 1 1 1 gravel.obj -0 10 0.5 0.8
265 3 25 0 1 0 0 0 1 1 1 gravel.obj -0 10 0.5 0.8
266 3 25 0 8 0 0 0 1 1 1 gravel.obj -0 10 0.5 0.8
268 0 23.5 0 -8 0 0 0 0.12135 0.12135 0.12135 tree1obj.obj -0 10 0.5 0.8
271 0 24.5 0 -18 0 -0.203559 0 2.96052 2.96052 2.96052 tree2.obj 0.00783 10 0.5 0.8
274 0 28.5 0 6 0 1.65472 0 0.10249 0.10249 0.10249 tree1obj.obj -0 10 0.5 0.8
278 0 22.5 -0.0418658 -20.5 0 0 0 0.339187 0.339187 0.339187 electric_post.obj -0 10 0.5 0.8
282 0 56 -0.4 -32.5 0 0 0 1 1 1 bldg_1.obj 2.24217 10 0.5 0.8
283 3 18 0 -41 0 0 0 1 1 1 cement.obj -0 10 0.5 0.8
284 3 25 0 -41 0 0 0 1 1 1 gravel.obj -0 10 0.5 0.8
285 3 11 0 -41 0 0 0 1 1 1 cement.obj -0 10 0.5 0.8
286 3 32 0 -33.5 0 0 0 1 1 1 gravel.obj -0 10 0.5 0.8
287 3 32 0 -40.5 0 0 0 1 1 1 gravel.obj -0 10 0.5 0.8
288 0 31 0 -34.5 0 1.57471 0 1 1 1 house_1.obj 3.91755 10 0.5 0.8
289 3 32 0 -27 0 0 0 1 1 1 gravel.obj -0 10 0.5 0.8
290 3 32 0 -20 0 0 0 1 1 1 gravel.obj -0 10 0.5 0.8
291 3 32 0 -13 0 0 0 1 1 1 gravel.obj -0 10 0.5 0.8
292 3 32 0 -6 0 0 0 1 1 1 gravel.obj -0 10 0.5 0.8
293 3 32 0 1 0 0 0 1 1 1 gravel.obj -0 10 0.5 0.8
294 3 32 0 8 0 0 0 1 1 1 gravel.obj -0 10 0.5 0.8
295 0 31 0.05 -29.5 0 4.68558 0 1.01016 1.01016 1.01016 house_1.obj 3.91755 10 0.5 0.8
297 3 22.5 0 -4.5 0 0 0 1.10035 1.10035 1.10035 grass_prop.obj 0.011739 10 0.5 0.8
298 3 23.5 -0.049141 -4 0 0 0 1.34122 1.34122 1.34122 grass_prop.obj 0.011739 10 0.5 0.8
299 3 22.5 -0.0115021 -5.5 0 0 0 1 1 1 grass_prop.obj 0.011739 10 0.5 0.8
300 3 23 -0.00891504 -5 0 0 0 1 1 1 grass_prop.obj 0.011739 10 0.5 0.8
302 3 25.5 0 -17.5 0 0 0 1.10035 1.10035 1.10035 grass_prop.obj 0.011739 10 0.5 0.8
303 3 24.5 0 -17.5 0 0 0 1.10035 1.10035 1.10035 grass_prop.obj 0.011739 10 0.5 0.8
305 3 23 0 -8 0 0 0 1.10035 1.10035 1.10035 grass_prop.obj 0.011739 10 0.5 0.8
306 3 23.5 0 -8.5 0 0 0 1.10035 1.10035 1.10035 grass_prop.obj 0.011739 10 0.5 0.8
307 3 24 0 -18 0 0 0 1.10035 1.10035 1.10035 grass_prop.obj 0.011739 10 0.5 0.8
308 3 22.5 0 5.5 0 0 0 1.10035 1.10035 1.10035 grass_prop.obj 0.011739 10 0.5 0.8
309 3 23 0 6.5 0 0 0 1.10035 1.10035 1.10035 grass_prop.obj 0.011739 10 0.5 0.8
310 3 24 0 5.5 0 0 0 1.10035 1.10035 1.10035 grass_prop.obj 0.011739 10 0.5 0.8
311 3 23.5 0 7 0 0 0 1.10035 1.10035 1.10035 grass_prop.obj 0.011739 10 0.5 0.8
312 0 29.5 0 -17 0 1.59879 0 1.40216 1.40216 1.40216 warehouse1.obj 1e-06 10 0.5 0.8
313 1 30.5 0 -24.5 0 -3.11481 0 1.14948 1.14948 1.14948 fence.obj 0.058636 40 0.2 0.85
314 1 24.5 0 -24.5 0 -3.11481 0 1.14948 1.14948 1.14948 fence.obj 0.058636 40 0.2 0.85
315 1 17.85 0 -24.3 0 -3.11481 0 1.14948 1.14948 1.14948 fence.obj 0.058636 40 0.2 0.85
316 0 30.5 -0.45 -2 0 12.536 0 0.860535 0.860535 0.860535 house_2.obj 2.64573 10 0.5 0.8
317 1 30.5 0 -9 0 -3.11481 0 1.14948 1.14948 1.14948 fence.obj 0.058636 40 0.2 0.85
318 1 23.5 0 -9 0 -3.11481 0 1.14948 1.14948 1.14948 fence.obj 0.058636 40 0.2 0.85
319 1 21.75 0 -7.15 0 -4.76239 0 1.14948 1.14948 1.14948 fence.obj 0.058636 40 0.2 0.85
320 1 21.45 0 0.8 0 -1.60913 0 1.14948 1.14948 1.14948 fence.obj 0.058636 40 0.2 0.85
328 1 22.8 0 11.35 0 -3.14026 0 1.14948 1.14948 1.14948 fence.obj 0.058636 40 0.2 0.85
329 1 29.5 0 11.35 0 -3.14026 0 1.14948 1.14948 1.14948 fence.obj 0.058636 40 0.2 0.85
334 0 22.5 0 5 0 -0.0219727 0 1 1 1 truck1.obj -0.005134 10 0.5 0.8
336 0 22 0 10 0 0.0527352 0 0.33733 0.33733 0.33733 electric_post.obj -0 10 0.5 0.8
340 3 -31 0 8 0 0 0 1 1 1 cement.obj -0 999 0.1 0.99
341 3 -31 0 1 0 0 0 1 1 1 cement.obj -0 999 0.1 0.99
342 3 -31 0 -6 0 0 0 1 1 1 cement.obj -0 999 0.1 0.99
343 3 -31 0 -13 0 0 0 1 1 1 cement.obj -0 999 0.1 0.99
344 3 -31 0 -20 0 0 0 1 1 1 cement.obj -0 999 0.1 0.99
345 3 -31 0 -27 0 0 0 1 1 1 cement.obj -0 999 0.1 0.99
346 3 -31 0 -34 0 0 0 1 1 1 cement.obj -0 999 0.1 0.99
366 3 -3 0 8 0 0 0 1 1 1 cement.obj -0 10 0.5 0.8
386 0 -18.5 4.11967 87 -0.46164 1.65472 0.0476689 0.325839 0.325839 0.325839 tree1obj.obj -0 10 0.5 0.8
387 0 -13.5 7.02166 50 0.505696 1.65472 -0.0928996 0.20473 0.20473 0.20473 tree1obj.obj -0 10 0.5 0.8
388 0 -8.5 2.47978 89.5 -0.390184 0 0.0479784 0.18483 0.18483 0.18483 coconut_tree.obj -0 10 0.5 0.8
390 0 11 2.4587 109 0.317109 1.62534 -0.00419769 0.18483 0.18483 0.18483 coconut_tree.obj -0 10 0.5 0.8
391 0 37 2.63723 93 -0.190946 1.62534 -0.144098 0.160434 0.160434 0.160434 coconut_tree.obj -0 10 0.5 0.8
392 0 38 2.46083 116 0.31701 1.62534 -0.00445449 0.18483 0.18483 0.18483 coconut_tree.obj -0 10 0.5 0.8
393 0 30 2.3331 107 0.207214 1.62534 -0.0366998 0.18483 0.18483 0.18483 coconut_tree.obj -0 10 0.5 0.8
396 0 16.5 8.92222 48.5 0.540314 1.65472 -0.0333391 0.278502 0.278502 0.278502 tree1obj.obj -0 10 0.5 0.8
398 0 38.45 8.3059 50 0.472498 1.62534 0.205741 0.113317 0.113317 0.113317 coconut_tree.obj -0 10 0.5 0.8
401 3 10 13.3929 57.5 0.219537 0 -0.0554407 1.93767 1.93767 1.93767 grass_prop.obj 0.011739 10 0.5 0.8
403 3 11 13.7175 58.5 0.164161 0 -0.0431922 2.14064 2.14064 2.14064 grass_prop.obj 0.011739 10 0.5 0.8
404 3 39.5 12.0261 58.5 0.255985 0 0.155897 1.93767 1.93767 1.93767 grass_prop.obj 0.011739 10 0.5 0.8
405 3 46.5 11.1234 74.5 -0.249807 0 -0.120689 1.93767 1.93767 1.93767 grass_prop.obj 0.011739 10 0.5 0.8
406 0 115 0 -22 -0 3.14612 0 1 1 1 bahay_kubo.obj -0.378408 10 0.5 0.8
407 0 6 0.315945 95 -0.0377414 3.14612 0.00158926 1.33386 1.33386 1.33386 bahay_kubo.obj -0.378408 10 0.5 0.8
410 0 58.5 6.1559 53.5 0.472498 3.21405 0.205741 0.113317 0.113317 0.113317 coconut_tree.obj -0 10 0.5 0.8
411 0 55.5 3.47414 115 0.121066 3.17084 0.0175463 0.113317 0.113317 0.113317 coconut_tree.obj -0 10 0.5 0.8
412 0 72 4.35721 119.5 -0.00995764 1.62534 -0.0918085 0.113317 0.113317 0.113317 coconut_tree.obj -0 10 0.5 0.8
413 0 67.5 6.23052 107 -0.323896 1.62534 -0.283793 0.113317 0.113317 0.113317 coconut_tree.obj -0 10 0.5 0.8
414 0 107.5 8.63724 122.5 -0.204154 1.62534 -0.107612 0.00676793 0.00676793 0.00676793 coconut_tree.obj -0 10 0.5 0.8
415 0 91 7.00074 124.5 0.145889 1.62534 -0.127428 0.113317 0.113317 0.113317 coconut_tree.obj -0 10 0.5 0.8
416 0 83.5 8.89115 81.5 0.379522 1.62534 0.218533 0.109536 0.109536 0.109536 coconut_tree.obj -0 10 0.5 0.8
418 0 111.5 15.3805 92 0.507457 1.62534 -0.173036 0.109536 0.109536 0.109536 coconut_tree.obj -0 10 0.5 0.8
420 0 31.5 8.92222 76.5 0.540314 1.65472 -0.0333391 0.168346 0.168346 0.168346 tree1obj.obj -0 10 0.5 0.8
421 0 21 6.65546 79 -0.55128 0 -0.0155314 3.73932 3.73932 3.73932 tree2.obj 0.00783 10 0.5 0.8
422 0 23 11.1814 51.5 0.451616 0 0.0508895 3.73932 3.73932 3.73932 tree2.obj 0.00783 10 0.5 0.8
423 0 62 7.9635 97.5 -0.342975 1.65472 -0.280832 0.168346 0.168346 0.168346 tree1obj.obj -0 10 0.5 0.8
424 0 102 13.4222 91.5 0.540314 1.65472 -0.0333391 0.168346 0.168346 0.168346 tree1obj.obj -0 10 0.5 0.8
425 0 40 2.42222 106.5 0.540314 1.65472 -0.0333391 0.168346 0.168346 0.168346 tree1obj.obj -0 10 0.5 0.8
426 0 52 2.92222 109 0.540314 1.65472 -0.0333391 0.168346 0.168346 0.168346 tree1obj.obj -0 10 0.5 0.8
427 0 50 7.94076 87.5 -0.352407 1.65472 -0.328349 0.168346 0.168346 0.168346 tree1obj.obj -0 10 0.5 0.8
460 1 152 23.0143 105.5 0.252993 10.5 0.103683 0.457955 0.457955 0.457955 guardrail.obj -0.405451 40 0.2 0.85
461 1 155.2 23.3268 109.05 0.291194 10.0557 0.220918 0.457955 0.457955 0.457955 guardrail.obj -0.405451 40 0.2 0.85
472 0 68.4 9.90514 68.5 0.312483 1.62534 0.299997 0.0833061 0.0833061 0.0833061 coconut_tree.obj -0 10 0.5 0.8
487 1 -5.5 13.2588 60 0.255242 4.74078 -0.0624156 1.43359 1.43359 1.43359 speed_limit.obj -0.006328 35 0.3 0.6
494 0 127 20.154 97.5 0.305144 4.62799 -0.12394 1.31036 1.31036 1.31036 speed_limit.obj -0.006328 10 0.5 0.8
496 0 127 20.2261 97.75 0.289058 0.997925 -0.125674 1.28824 1.28824 1.28824 speed_limit.obj -0.006328 10 0.5 0.8
497 0 -4.95 13.3144 60.35 0.225799 -4.66827 -0.0621494 1.45921 1.45921 1.45921 speed_limit.obj -0.006328 10 0.5 0.8
499 0 113 8.63724 115.5 -0.204154 1.62534 -0.107612 0.114324 0.114324 0.114324 coconut_tree.obj -0 10 0.5 0.8
500 0 147.45 21.8024 99.5 0.352259 1.62534 0.177553 0.0800672 0.0800672 0.0800672 coconut_tree.obj -0 10 0.5 0.8
502 0 122 12.1376 119 -0.457098 1.65472 -0.193714 0.145562 0.145562 0.145562 tree1obj.obj -0 10 0.5 0.8
503 0 127.35 11.8889 125.5 -0.0270949 1.65472 -0.441404 0.04594 0.04594 0.04594 tree1obj.obj -0 10 0.5 0.8
504 0 128.5 15.5996 135 0.56535 1.65472 -0.471143 0.04594 0.04594 0.04594 tree1obj.obj -0 10 0.5 0.8
505 0 129 15.004 133.5 0.497169 1.65472 -0.498584 0.04594 0.04594 0.04594 tree1obj.obj -0 10 0.5 0.8
506 0 116.5 9.35018 126 -0.0296499 3.23272 -0.0923427 0.179851 0.179851 0.179851 tree1obj.obj -0 10 0.5 0.8
507 3 57.5 12.1847 80 -0.144088 0 -0.135237 1.93767 1.93767 1.93767 grass_prop.obj 0.011739 10 0.5 0.8
508 3 75.5 11.7075 97.5 -0.153718 0 -0.234777 3.11797 3.11797 3.11797 grass_prop.obj 0.011739 10 0.5 0.8
509 3 76.5 11.6394 99.5 -0.202591 0 -0.260106 1.93767 1.93767 1.93767 grass_prop.obj 0.011739 10 0.5 0.8
510 3 84 11.7075 91 -0.153718 0 -0.234777 3.11797 3.11797 3.11797 grass_prop.obj 0.011739 10 0.5 0.8
511 3 86.5 12.3363 92.5 0.249472 0 -0.0540144 3.11797 3.11797 3.11797 grass_prop.obj 0.011739 10 0.5 0.8
512 3 94 14.1578 96.5 0.182261 0 -0.110372 3.11797 3.11797 3.11797 grass_prop.obj 0.011739 10 0.5 0.8
513 3 129.5 19.8673 109 -0.398645 0 -0.306675 3.11797 3.11797 3.11797 grass_prop.obj 0.011739 10 0.5 0.8
526 0 -27.5 0 17.5 0 0 0 1 1 1 road_lines.obj -0.01 10 0.5 0.8
527 0 -33.5 0 17.5 0 0 0 0.924927 0.924927 0.924927 road_lines.obj -0.01 10 0.5 0.8
528 0 166.5 19.6524 118 0.352259 1.62534 0.177553 0.0800672 0.0800672 0.0800672 coconut_tree.obj -0 10 0.5 0.8
529 0 162.5 18.4524 106.5 0.352259 1.62534 0.177553 0.0800672 0.0800672 0.0800672 coconut_tree.obj -0 10 0.5 0.8
531 0 144.5 11.2524 180 0.352259 1.62534 0.177553 0.0800672 0.0800672 0.0800672 coconut_tree.obj -0 10 0.5 0.8
532 0 166 21.4524 139.5 0.352259 1.62534 0.177553 0.0800672 0.0800672 0.0800672 coconut_tree.obj -0 10 0.5 0.8
533 0 103.5 9.9635 131.5 -0.342975 1.65472 -0.280832 0.0811344 0.0811344 0.0811344 tree1obj.obj -0 10 0.5 0.8
537 0 69 33.3159 173.5 -0.0377414 -12.6571 0.00158926 1.07367 1.07367 1.07367 bahay_kubo.obj -0.378408 10 0.5 0.8
538 0 95.5 29.9635 149.5 -0.342975 1.65472 -0.280832 0.143383 0.143383 0.143383 tree1obj.obj -0 10 0.5 0.8
539 0 4 12.7 59.5 0 11.0817 0 0.387995 0.387995 0.387995 street_light2.obj 1.29257 10 0.5 0.8
540 0 49.5 10.95 74 0 14.2452 0 0.387995 0.387995 0.387995 street_light2.obj 1.29257 10 0.5 0.8
541 0 91.5 12.7 95 0 11.0817 0 0.387995 0.387995 0.387995 street_light2.obj 1.29257 10 0.5 0.8
542 0 131 20.15 107.5 0 14.0973 0 0.387995 0.387995 0.387995 street_light2.obj 1.29257 10 0.5 0.8
543 0 159.5 24.45 130.5 0 15.7331 0 0.387995 0.387995 0.387995 street_light2.obj 1.29257 10 0.5 0.8
545 0 136.5 14.8024 88 0.352259 1.62534 0.177553 0.0583295 0.0583295 0.0583295 coconut_tree.obj -0 10 0.5 0.8
546 0 112.5 28.55 155.5 0 17.2688 0 0.387995 0.387995 0.387995 street_light2.obj 1.29257 10 0.5 0.8
547 0 33.5 39.35 151.5 0 3.17302 0 0.843779 0.843779 0.843779 car_repair.obj 0.008542 10 0.5 0.8
549 0 59 33.209 174.5 0 -1.58976 0 2.54927 2.54927 2.54927 tree2.obj 0.00783 10 0.5 0.8
550 0 121.5 23.9024 176 0.352259 1.62534 0.177553 0.0800672 0.0800672 0.0800672 coconut_tree.obj -0 10 0.5 0.8
551 0 94 26.6024 181.5 0.352259 1.62534 0.177553 0.0800672 0.0800672 0.0800672 coconut_tree.obj -0 10 0.5 0.8
552 0 31 30.2524 181 0.352259 1.62534 0.177553 0.0800672 0.0800672 0.0800672 coconut_tree.obj -0 10 0.5 0.8
554 0 49 29.2524 183 0.352259 1.62534 0.177553 0.0800672 0.0800672 0.0800672 coconut_tree.obj -0 10 0.5 0.8
555 0 -12 36.7524 178 0.352259 1.62534 0.177553 0.0800672 0.0800672 0.0800672 coconut_tree.obj -0 10 0.5 0.8
556 0 4 36.9222 172.5 0.540314 1.65472 -0.0333391 0.168346 0.168346 0.168346 tree1obj.obj -0 10 0.5 0.8
564 0 -28.5 37.9222 176 0.540314 1.65472 -0.0333391 0.168346 0.168346 0.168346 tree1obj.obj -0 10 0.5 0.8
568 0 -41.5 39.65 169.5 0 3.2005 0 1.37415 1.37415 1.37415 wooden_cabin.obj 0.337823 10 0.5 0.8
570 0 23.5 39.7838 153 0 0.000732422 0 1 1 1 wooden_cabin.obj 0.337823 10 0.5 0.8
571 0 166 0 -43 0 0 0 0.668213 0.668213 0.668213 network_tower.obj 1.11787 10 0.5 0.8
572 0 -132 40 86.5 0 0 0 0.410009 0.410009 0.410009 network_tower.obj 1.11787 10 0.5 0.8
574 0 -65.55 2.2 98.5 0 0 0 1 1 1 wooden_cabin.obj 0.337823 10 0.5 0.8
578 0 -62.5 2.4587 107 0.317109 1.62534 -0.00419769 0.142313 0.142313 0.142313 coconut_tree.obj -0 10 0.5 0.8
579 0 -36 2.4587 105.5 0.317109 3.00156 -0.00419769 0.106485 0.106485 0.106485 coconut_tree.obj -0 10 0.5 0.8
581 0 -51 1.65546 97.5 -0.55128 0 -0.0155314 3.05591 3.05591 3.05591 tree2.obj 0.00783 10 0.5 0.8
583 0 -82.5 2.2087 83 0.317109 1.62534 -0.00419769 0.142313 0.142313 0.142313 coconut_tree.obj -0 10 0.5 0.8
584 0 -71 4.11967 62 -0.46164 1.65472 0.0476689 0.325839 0.325839 0.325839 tree1obj.obj -0 10 0.5 0.8
585 0 142 0 -12.5 0 0 0 0.341553 0.341553 0.341553 transmission_tower.obj -0 10 0.5 0.8
586 0 -130.2 39.9 152.5 0 1.62598 0 0.45083 0.45083 0.45083 transmission_tower.obj -0 10 0.5 0.8
589 0 -140 39.9 143.5 0 -1.5498 0 0.849268 0.849268 0.849268 warehouse2.obj 3e-06 10 0.5 0.8
593 0 101.5 0 -16 0 3.07824 0 1 1 1 ghetto_store.obj 0.534382 10 0.5 0.8
596 0 -69.5 39.4222 166 0.540314 1.65472 -0.0333391 0.168346 0.168346 0.168346 tree1obj.obj -0 10 0.5 0.8
597 0 -31.5 39.8024 146 0.352259 1.62534 0.177553 0.0800672 0.0800672 0.0800672 coconut_tree.obj -0 10 0.5 0.8
598 0 -83.5 40.45 146 0 0 0 1 1 1 house_1.obj 3.91755 10 0.5 0.8
599 0 -37.5 0 -30.5 0 1.54945 0 1.37993 1.37993 1.37993 mansion.obj 1e-06 10 0.5 0.8
600 0 -136 40.15 108 0 3.17289 0 1.37993 1.37993 1.37993 mansion.obj 1e-06 10 0.5 0.8
602 1 -132 39.9481 117.5 0 0 0 1 1 1 fence.obj 0.058636 40 0.2 0.85
603 1 -137.85 39.9481 117.5 0 0 0 1 1 1 fence.obj 0.058636 40 0.2 0.85
604 1 -126.05 39.9481 117.6 0 0 0 1 1 1 fence.obj 0.058636 40 0.2 0.85
605 1 -124.05 39.9481 110 0 -1.55132 0 1 1 1 fence.obj 0.058636 40 0.2 0.85
606 1 -124.15 39.9481 104.1 0 -1.55132 0 1 1 1 fence.obj 0.058636 40 0.2 0.85
607 1 -125.5 39.9481 99.75 0 0.0260468 0 1 1 1 fence.obj 0.058636 40 0.2 0.85
608 1 -131.4 39.9481 99.85 0 0.0050354 0 1 1 1 fence.obj 0.058636 40 0.2 0.85
610 1 -137.25 39.9481 99.85 0 0.0050354 0 1 1 1 fence.obj 0.058636 40 0.2 0.85
611 0 -123.5 39.4222 126.5 0.540314 1.65472 -0.0333391 0.168346 0.168346 0.168346 tree1obj.obj -0 10 0.5 0.8
612 0 72.5 0 -14 0 0 0 1 1 1 house3.obj 1e-06 10 0.5 0.8
614 0 -137.1 39.95 64.5 0 6.31201 0 1.53887 1.53887 1.53887 house3.obj 1e-06 10 0.5 0.8
620 1 -142 39.9481 80 0 0 0 1 1 1 fence.obj 0.058636 40 0.2 0.85
621 1 -137 39.9481 80 0 0 0 1 1 1 fence.obj 0.058636 40 0.2 0.85
622 1 -137 39.9481 80 0 0 0 1 1 1 fence.obj 0.058636 40 0.2 0.85
623 1 -131.2 39.9481 80.05 0 0 0 1 1 1 fence.obj 0.058636 40 0.2 0.85
624 1 -125.35 39.9481 80.05 0 0 0 1 1 1 fence.obj 0.058636 40 0.2 0.85
625 1 -123.95 39.9481 75.7 0 1.58459 0 1 1 1 fence.obj 0.058636 40 0.2 0.85
626 1 -124.15 39.9481 72 0 1.60474 0 1 1 1 fence.obj 0.058636 40 0.2 0.85
627 1 -124.4 39.9481 67.7 0 1.61902 0 1 1 1 fence.obj 0.058636 40 0.2 0.85
628 1 -124.5 39.9481 60.5 0 1.57104 0 1 1 1 fence.obj 0.058636 40 0.2 0.85
629 1 -126 39.9481 56 0 0 0 1 1 1 fence.obj 0.058636 40 0.2 0.85
630 1 -131.85 39.9481 56.05 0 0 0 1 1 1 fence.obj 0.058636 40 0.2 0.85
631 1 -137.7 39.9481 56.05 0 0 0 1 1 1 fence.obj 0.058636 40 0.2 0.85
632 1 -143.6 39.9481 56.05 0 0 0 1 1 1 fence.obj 0.058636 40 0.2 0.85
633 0 -175 39.95 98.5 0 0 0 1 1 1 house4.obj 2.06493 10 0.5 0.8
634 0 -156.5 39.4222 137.5 0.540314 1.65472 -0.0333391 0.168346 0.168346 0.168346 tree1obj.obj -0 10 0.5 0.8
635 0 -168.5 39.4222 124.5 0.540314 1.65472 -0.0333391 0.168346 0.168346 0.168346 tree1obj.obj -0 10 0.5 0.8
636 0 110.9 16.25 107.6 0 1.5542 0 0.33733 0.33733 0.33733 electric_post.obj -0 10 0.5 0.8
637 0 80.5 12.4 102.4 0 1.19824 0 0.33733 0.33733 0.33733 electric_post.obj -0 10 0.5 0.8
638 0 59 11.5 83.5 0 0.66504 0 0.33733 0.33733 0.33733 electric_post.obj -0 10 0.5 0.8
639 0 22 12.25 69.5 0 1.5542 0 0.33733 0.33733 0.33733 electric_post.obj -0 10 0.5 0.8
640 0 -15 11.95 70.8501 0 1.5542 0 0.33733 0.33733 0.33733 electric_post.obj -0 10 0.5 0.8
641 0 144 23.8 117 0 3.33325 0 0.33733 0.33733 0.33733 electric_post.obj -0 10 0.5 0.8
642 0 143.5 25.35 138 0 -0.896484 0 0.33733 0.33733 0.33733 electric_post.obj -0 10 0.5 0.8
643 0 119 28.6 152.9 0 -1.2561 0 0.33733 0.33733 0.33733 electric_post.obj -0 10 0.5 0.8
644 0 74.95 33.75 153.45 0 -1.56811 0 0.33733 0.33733 0.33733 electric_post.obj -0 10 0.5 0.8
647 0 46 38.35 153.65 0 -1.56811 0 0.33733 0.33733 0.33733 electric_post.obj -0 10 0.5 0.8
648 0 6.5 39.45 153.25 0 -1.56811 0 0.33733 0.33733 0.33733 electric_post.obj -0 10 0.5 0.8
649 0 -24 39.95 153.5 0 -1.56811 0 0.33733 0.33733 0.33733 electric_post.obj -0 10 0.5 0.8
650 0 -73.5 39.95 150.5 0 -1.56811 0 0.33733 0.33733 0.33733 electric_post.obj -0 10 0.5 0.8
651 0 -110.5 39.9 137 0 -2.28516 0 0.33733 0.33733 0.33733 electric_post.obj -0 10 0.5 0.8
652 0 -88.4 40.45 146.1 0 0 0 1 1 1 house_1.obj 3.91755 10 0.5 0.8
653 0 -78.7501 40.45 145.95 0 0 0 1 1 1 house_1.obj 3.91755 10 0.5 0.8
657 0 -179.5 39.95 66.5 0 1.59879 0 1.40216 1.40216 1.40216 warehouse1.obj 1e-06 10 0.5 0.8
658 0 -140.5 39.55 40.5 0 3.1235 0 0.849976 0.849976 0.849976 house_2.obj 2.64573 10 0.5 0.8
660 1 -148.05 40 48.5 0 -0.0446777 0 0.15991 0.15991 0.15991 fence_chain.obj -0 40 0.2 0.85
661 1 -144.2 40 48.5 0 -0.040535 0 0.15991 0.15991 0.15991 fence_chain.obj -0 40 0.2 0.85
662 1 -140.35 40 48.65 0 -0.0446777 0 0.15991 0.15991 0.15991 fence_chain.obj -0 40 0.2 0.85
663 1 -136.35 40 48.65 0 -0.0446777 0 0.15991 0.15991 0.15991 fence_chain.obj -0 40 0.2 0.85
664 1 -132.5 40 48.75 0 -0.0446777 0 0.15991 0.15991 0.15991 fence_chain.obj -0 40 0.2 0.85
665 1 -130.5 40 46.95 0 -1.57631 0 0.15991 0.15991 0.15991 fence_chain.obj -0 40 0.2 0.85
670 1 -130.4 40 42.7 0 -1.58478 0 0.15991 0.15991 0.15991 fence_chain.obj -0 40 0.2 0.85
671 1 -130.4 40 38.75 0 -1.58478 0 0.15991 0.15991 0.15991 fence_chain.obj -0 40 0.2 0.85
672 1 -130.4 40 34.8 0 -1.58478 0 0.15991 0.15991 0.15991 fence_chain.obj -0 40 0.2 0.85
673 1 -132.45 40 32.9 0 -3.14484 0 0.15991 0.15991 0.15991 fence_chain.obj -0 40 0.2 0.85
674 1 -136.35 40 32.85 0 -3.16077 0 0.15991 0.15991 0.15991 fence_chain.obj -0 40 0.2 0.85
675 1 -140.25 40 32.85 0 -3.16077 0 0.15991 0.15991 0.15991 fence_chain.obj -0 40 0.2 0.85
676 1 -144.25 40 32.8 0 -3.16077 0 0.15991 0.15991 0.15991 fence_chain.obj -0 40 0.2 0.85
677 1 -148.15 40 32.85 0 -3.08405 0 0.15991 0.15991 0.15991 fence_chain.obj -0 40 0.2 0.85
678 1 -150.1 40 34.95 0 -4.73163 0 0.15991 0.15991 0.15991 fence_chain.obj -0 40 0.2 0.85
679 1 -150.1 40 38.95 0 -1.55988 0 0.15991 0.15991 0.15991 fence_chain.obj -0 40 0.2 0.85
681 0 -146.5 39.4222 76 0.540314 1.65472 -0.0333391 0.10111 0.10111 0.10111 tree1obj.obj -0 10 0.5 0.8
682 1 -177 40 106 0 -0.0446777 0 0.15991 0.15991 0.15991 fence_chain.obj -0 40 0.2 0.85
683 1 -180.9 40 106 0 -0.0446777 0 0.15991 0.15991 0.15991 fence_chain.obj -0 40 0.2 0.85
684 1 -182.7 40 103.95 0 -1.58313 0 0.15991 0.15991 0.15991 fence_chain.obj -0 40 0.2 0.85
685 1 -182.7 40 100 0 -1.58313 0 0.15991 0.15991 0.15991 fence_chain.obj -0 40 0.2 0.85
686 1 -182.7 40 96.0501 0 -1.58313 0 0.15991 0.15991 0.15991 fence_chain.obj -0 40 0.2 0.85
687 1 -182.7 40 92.15 0 -1.58313 0 0.15991 0.15991 0.15991 fence_chain.obj -0 40 0.2 0.85
688 1 -180.65 40 90.1 0 -3.10272 0 0.15991 0.15991 0.15991 fence_chain.obj -0 40 0.2 0.85
689 1 -176.75 40 90.05 0 -3.10272 0 0.15991 0.15991 0.15991 fence_chain.obj -0 40 0.2 0.85
690 1 -172.8 40 90.05 0 -3.10272 0 0.15991 0.15991 0.15991 fence_chain.obj -0 40 0.2 0.85
692 1 -170.95 40 92.1 0 -4.72961 0 0.15991 0.15991 0.15991 fence_chain.obj -0 40 0.2 0.85
693 1 -171 40 96.0999 0 -4.72961 0 0.15991 0.15991 0.15991 fence_chain.obj -0 40 0.2 0.85
694 1 -171 40 100 0 -4.72961 0 0.15991 0.15991 0.15991 fence_chain.obj -0 40 0.2 0.85
695 1 -171 40 103.9 0 -4.72961 0 0.15991 0.15991 0.15991 fence_chain.obj -0 40 0.2 0.85
696 1 -173.05 40 106.1 0 -6.27924 0 0.15991 0.15991 0.15991 fence_chain.obj -0 40 0.2 0.85
700 0 -146 39.95 114.5 0 -2.72973 0 0.33733 0.33733 0.33733 electric_post.obj -0 10 0.5 0.8
701 0 -159.5 39.95 76.5 0 -2.84454 0 0.33733 0.33733 0.33733 electric_post.obj -0 10 0.5 0.8
702 0 -162.5 39.95 47 0 -3.12103 0 0.33733 0.33733 0.33733 electric_post.obj -0 10 0.5 0.8
703 0 -161.5 39.95 21.5 0 -3.12139 0 0.33733 0.33733 0.33733 electric_post.obj -0 10 0.5 0.8
705 0 86 32.35 165.5 0 20.4867 0 0.387995 0.387995 0.387995 street_light2.obj 1.29257 10 0.5 0.8
706 0 60.5 34.7 154.5 0 23.4847 0 0.387995 0.387995 0.387995 street_light2.obj 1.29257 10 0.5 0.8
707 0 26.05 38.05 166.5 0 20.4506 0 0.387995 0.387995 0.387995 street_light2.obj 1.29257 10 0.5 0.8
708 0 -9 39.2 154 0 23.5925 0 0.387995 0.387995 0.387995 street_light2.obj 1.29257 10 0.5 0.8
709 0 -22 39.15 166 0 20.4867 0 0.387995 0.387995 0.387995 street_light2.obj 1.29257 10 0.5 0.8
710 0 -51 39.45 151.5 0 23.5482 0 0.387995 0.387995 0.387995 street_light2.obj 1.29257 10 0.5 0.8
711 0 -86.5 38.75 162.5 0 20.2719 0 0.387995 0.387995 0.387995 street_light2.obj 1.29257 10 0.5 0.8
712 0 -112.5 38.85 152.5 0 19.8608 0 0.387995 0.387995 0.387995 street_light2.obj 1.29257 10 0.5 0.8
713 0 -149 39.15 127 0 19.8464 0 0.387995 0.387995 0.387995 street_light2.obj 1.29257 10 0.5 0.8
714 0 -152 39.1 95 0 16.0978 0 0.387995 0.387995 0.387995 street_light2.obj 1.29257 10 0.5 0.8
715 0 -174 39.05 53.5 0 18.9103 0 0.387995 0.387995 0.387995 street_light2.obj 1.29257 10 0.5 0.8
716 3 49.5 37.3347 167 -0.144088 0 -0.135237 1.93767 1.93767 1.93767 grass_prop.obj 0.011739 10 0.5 0.8
717 3 51 38.0347 162.5 -0.144088 0 -0.135237 1.93767 1.93767 1.93767 grass_prop.obj 0.011739 10 0.5 0.8
718 3 37 38.4347 166 -0.144088 0 -0.135237 1.93767 1.93767 1.93767 grass_prop.obj 0.011739 10 0.5 0.8
719 3 -5.5 40.2847 153 -0.144088 0 -0.135237 1.93767 1.93767 1.93767 grass_prop.obj 0.011739 10 0.5 0.8
720 3 -36 40.1847 167 -0.144088 0 -0.135237 1.93767 1.93767 1.93767 grass_prop.obj 0.011739 10 0.5 0.8
721 3 -63.5 39.9347 149.5 -0.144088 0 -0.135237 1.93767 1.93767 1.93767 grass_prop.obj 0.011739 10 0.5 0.8
722 3 -107.5 40.7347 158.5 -0.144088 0 -0.135237 1.93767 1.93767 1.93767 grass_prop.obj 0.011739 10 0.5 0.8
723 3 -118.5 40.2347 154.5 -0.144088 0 -0.135237 1.93767 1.93767 1.93767 grass_prop.obj 0.011739 10 0.5 0.8
724 3 -143 39.8347 135 -0.144088 0 -0.135237 1.93767 1.93767 1.93767 grass_prop.obj 0.011739 10 0.5 0.8
726 3 -139.5 39.8347 134.5 -0.144088 0 -0.135237 1.93767 1.93767 1.93767 grass_prop.obj 0.011739 10 0.5 0.8
727 3 -143.5 39.8347 130.5 -0.144088 0 -0.135237 1.93767 1.93767 1.93767 grass_prop.obj 0.011739 10 0.5 0.8
728 3 -142.5 39.8347 131.5 -0.144088 0 -0.135237 2.64446 2.64446 2.64446 grass_prop.obj 0.011739 10 0.5 0.8
729 3 -132 39.8347 142.5 -0.144088 0 -0.135237 1.93767 1.93767 1.93767 grass_prop.obj 0.011739 10 0.5 0.8
730 3 -132 39.8347 139.5 -0.144088 0 -0.135237 4.07146 4.07146 4.07146 grass_prop.obj 0.011739 10 0.5 0.8
731 3 -137.5 39.8347 88.5 -0.144088 0 -0.135237 4.6751 4.6751 4.6751 grass_prop.obj 0.011739 10 0.5 0.8
732 3 -139 39.8347 84.5 -0.144088 0 -0.135237 4.07146 4.07146 4.07146 grass_prop.obj 0.011739 10 0.5 0.8
733 3 -144 39.8347 87.5 -0.144088 0 -0.135237 4.07146 4.07146 4.07146 grass_prop.obj 0.011739 10 0.5 0.8
734 3 -140.5 39.8347 87.5 -0.144088 0 -0.135237 4.07146 4.07146 4.07146 grass_prop.obj 0.011739 10 0.5 0.8
735 3 -128 39.8347 88 -0.144088 0 -0.135237 4.07146 4.07146 4.07146 grass_prop.obj 0.011739 10 0.5 0.8
736 3 -128.5 39.8347 92 -0.144088 0 -0.135237 4.07146 4.07146 4.07146 grass_prop.obj 0.011739 10 0.5 0.8
737 3 -130.5 39.8347 92.5 -0.144088 0 -0.135237 4.07146 4.07146 4.07146 grass_prop.obj 0.011739 10 0.5 0.8
738 3 -130 39.8347 98 -0.144088 0 -0.135237 4.07146 4.07146 4.07146 grass_prop.obj 0.011739 10 0.5 0.8
739 3 -134.5 39.8347 93.5 -0.144088 0 -0.135237 4.07146 4.07146 4.07146 grass_prop.obj 0.011739 10 0.5 0.8
740 3 -134.5 39.8347 89 -0.144088 0 -0.135237 4.07146 4.07146 4.07146 grass_prop.obj 0.011739 10 0.5 0.8
741 3 -137.5 39.8347 92 -0.144088 0 -0.135237 4.07146 4.07146 4.07146 grass_prop.obj 0.011739 10 0.5 0.8
742 3 -168 39.8347 105 -0.144088 0 -0.135237 4.07146 4.07146 4.07146 grass_prop.obj 0.011739 10 0.5 0.8
743 3 -166 39.8347 110.5 -0.144088 0 -0.135237 4.07146 4.07146 4.07146 grass_prop.obj 0.011739 10 0.5 0.8
744 3 -168.5 39.8347 110.5 -0.144088 0 -0.135237 4.07146 4.07146 4.07146 grass_prop.obj 0.011739 10 0.5 0.8
745 3 -165.5 39.8347 107.5 -0.144088 0 -0.135237 4.07146 4.07146 4.07146 grass_prop.obj 0.011739 10 0.5 0.8
746 3 -158 39.8347 122 -0.144088 0 -0.135237 4.07146 4.07146 4.07146 grass_prop.obj 0.011739 10 0.5 0.8
747 3 -155 39.8347 127.5 -0.144088 0 -0.135237 4.07146 4.07146 4.07146 grass_prop.obj 0.011739 10 0.5 0.8
748 3 -154.5 39.8347 125.5 -0.144088 0 -0.135237 4.07146 4.07146 4.07146 grass_prop.obj 0.011739 10 0.5 0.8
749 3 -161.5 39.8347 54.5 -0.144088 0 -0.135237 4.07146 4.07146 4.07146 grass_prop.obj 0.011739 10 0.5 0.8
750 3 -158 39.8347 54.5 -0.144088 0 -0.135237 4.07146 4.07146 4.07146 grass_prop.obj 0.011739 10 0.5 0.8
751 3 -159.5 39.8347 57.5 -0.144088 0 -0.135237 4.07146 4.07146 4.07146 grass_prop.obj 0.011739 10 0.5 0.8
752 3 -160.5 39.8347 55 -0.144088 0 -0.135237 4.07146 4.07146 4.07146 grass_prop.obj 0.011739 10 0.5 0.8
753 3 -160 39.8347 52 -0.144088 0 -0.135237 4.07146 4.07146 4.07146 grass_prop.obj 0.011739 10 0.5 0.8
754 3 -158 39.8347 49 -0.144088 0 -0.135237 4.07146 4.07146 4.07146 grass_prop.obj 0.011739 10 0.5 0.8
755 3 -162 39.8347 50.5 -0.144088 0 -0.135237 4.07146 4.07146 4.07146 grass_prop.obj 0.011739 10 0.5 0.8
756 3 -149.5 39.8347 28.5 -0.144088 0 -0.135237 4.07146 4.07146 4.07146 grass_prop.obj 0.011739 10 0.5 0.8
757 3 -153.5 39.8347 28 -0.144088 0 -0.135237 4.07146 4.07146 4.07146 grass_prop.obj 0.011739 10 0.5 0.8
758 3 -155.5 39.8347 33 -0.144088 0 -0.135237 4.07146 4.07146 4.07146 grass_prop.obj 0.011739 10 0.5 0.8
759 3 -153.5 39.8347 30.5 -0.144088 0 -0.135237 4.07146 4.07146 4.07146 grass_prop.obj 0.011739 10 0.5 0.8
760 3 -156.5 39.8347 29.5 -0.144088 0 -0.135237 4.07146 4.07146 4.07146 grass_prop.obj 0.011739 10 0.5 0.8
761 3 -182 39.8347 52 -0.144088 0 -0.135237 4.07146 4.07146 4.07146 grass_prop.obj 0.011739 10 0.5 0.8
762 3 -180 39.8347 52.5 -0.144088 0 -0.135237 4.07146 4.07146 4.07146 grass_prop.obj 0.011739 10 0.5 0.8
763 3 -179.5 39.8347 50 -0.144088 0 -0.135237 4.07146 4.07146 4.07146 grass_prop.obj 0.011739 10 0.5 0.8
764 3 -180 39.8347 48 -0.144088 0 -0.135237 4.07146 4.07146 4.07146 grass_prop.obj 0.011739 10 0.5 0.8
765 3 -182 39.8347 48.5 -0.144088 0 -0.135237 4.07146 4.07146 4.07146 grass_prop.obj 0.011739 10 0.5 0.8
766 3 -177.5 39.8347 52.5 -0.144088 0 -0.135237 4.07146 4.07146 4.07146 grass_prop.obj 0.011739 10 0.5 0.8
767 3 -126.5 39.8347 123.5 -0.144088 0 -0.135237 4.07146 4.07146 4.07146 grass_prop.obj 0.011739 10 0.5 0.8
768 3 -115.5 39.8347 128.5 -0.144088 0 -0.135237 4.07146 4.07146 4.07146 grass_prop.obj 0.011739 10 0.5 0.8
770 3 -130 39.8347 83.5 -0.144088 0 -0.135237 4.07146 4.07146 4.07146 grass_prop.obj 0.011739 10 0.5 0.8
771 3 -127.5 39.8347 85 -0.144088 0 -0.135237 4.07146 4.07146 4.07146 grass_prop.obj 0.011739 10 0.5 0.8
772 3 -127 39.8347 87 -0.144088 0 -0.135237 4.07146 4.07146 4.07146 grass_prop.obj 0.011739 10 0.5 0.8
773 3 -127 39.8347 85.5 -0.144088 0 -0.135237 4.07146 4.07146 4.07146 grass_prop.obj 0.011739 10 0.5 0.8
774 3 -136.5 39.8347 139.5 -0.144088 0 -0.135237 4.07146 4.07146 4.07146 grass_prop.obj 0.011739 10 0.5 0.8
775 3 -137.5 39.8347 139.5 -0.144088 0 -0.135237 4.07146 4.07146 4.07146 grass_prop.obj 0.011739 10 0.5 0.8
776 3 -141.5 39.8347 138.5 -0.144088 0 -0.135237 4.07146 4.07146 4.07146 grass_prop.obj 0.011739 10 0.5 0.8
777 3 -147.5 39.8347 143.5 -0.144088 0 -0.135237 4.07146 4.07146 4.07146 grass_prop.obj 0.011739 10 0.5 0.8
778 3 -147.5 39.8347 140.5 -0.144088 0 -0.135237 4.07146 4.07146 4.07146 grass_prop.obj 0.011739 10 0.5 0.8
779 3 -145 39.8347 138 -0.144088 0 -0.135237 4.07146 4.07146 4.07146 grass_prop.obj 0.011739 10 0.5 0.8
780 3 -154.5 39.8347 134 -0.144088 0 -0.135237 4.07146 4.07146 4.07146 grass_prop.obj 0.011739 10 0.5 0.8
781 3 -153 39.8347 137.5 -0.144088 0 -0.135237 4.07146 4.07146 4.07146 grass_prop.obj 0.011739 10 0.5 0.8
782 3 -149.5 39.8347 137 -0.144088 0 -0.135237 4.07146 4.07146 4.07146 grass_prop.obj 0.011739 10 0.5 0.8
783 3 -90.5 39.8347 140 -0.144088 0 -0.135237 4.07146 4.07146 4.07146 grass_prop.obj 0.011739 10 0.5 0.8
784 3 -82.5 39.8347 141 -0.144088 0 -0.135237 4.07146 4.07146 4.07146 grass_prop.obj 0.011739 10 0.5 0.8
785 3 -85.5 39.8347 141 -0.144088 0 -0.135237 4.07146 4.07146 4.07146 grass_prop.obj 0.011739 10 0.5 0.8
786 3 -93 39.8347 144 -0.144088 0 -0.135237 4.07146 4.07146 4.07146 grass_prop.obj 0.011739 10 0.5 0.8
787 3 -89.5 39.8347 142 -0.144088 0 -0.135237 4.07146 4.07146 4.07146 grass_prop.obj 0.011739 10 0.5 0.8
788 3 -74.5 39.8347 147 -0.144088 0 -0.135237 4.07146 4.07146 4.07146 grass_prop.obj 0.011739 10 0.5 0.8
789 3 -74 39.8347 143.5 -0.144088 0 -0.135237 4.07146 4.07146 4.07146 grass_prop.obj 0.011739 10 0.5 0.8
790 3 -70.5 39.8347 146 -0.144088 0 -0.135237 4.07146 4.07146 4.07146 grass_prop.obj 0.011739 10 0.5 0.8
791 3 -50.5 39.8347 150 -0.144088 0 -0.135237 4.07146 4.07146 4.07146 grass_prop.obj 0.011739 10 0.5 0.8
792 3 -47 39.8347 153 -0.144088 0 -0.135237 3.87882 3.87882 3.87882 grass_prop.obj 0.011739 10 0.5 0.8
793 3 -19 39.8347 149 -0.144088 0 -0.135237 3.87882 3.87882 3.87882 grass_prop.obj 0.011739 10 0.5 0.8
794 3 -24 39.8347 147 -0.144088 0 -0.135237 3.87882 3.87882 3.87882 grass_prop.obj 0.011739 10 0.5 0.8
795 3 -22 39.8347 149 -0.144088 0 -0.135237 3.87882 3.87882 3.87882 grass_prop.obj 0.011739 10 0.5 0.8
796 3 -15.5 39.8347 146.5 -0.144088 0 -0.135237 3.87882 3.87882 3.87882 grass_prop.obj 0.011739 10 0.5 0.8
797 3 -60 39.8347 163.5 -0.144088 0 -0.135237 3.87882 3.87882 3.87882 grass_prop.obj 0.011739 10 0.5 0.8
798 3 -59 39.8347 166 -0.144088 0 -0.135237 3.87882 3.87882 3.87882 grass_prop.obj 0.011739 10 0.5 0.8
799 3 -57.5 39.8347 164 -0.144088 0 -0.135237 3.87882 3.87882 3.87882 grass_prop.obj 0.011739 10 0.5 0.8
800 3 -68 39.8347 167 -0.144088 0 -0.135237 3.87882 3.87882 3.87882 grass_prop.obj 0.011739 10 0.5 0.8
801 3 -68 39.8347 165 -0.144088 0 -0.135237 3.87882 3.87882 3.87882 grass_prop.obj 0.011739 10 0.5 0.8
802 3 -35 39.8347 171.5 -0.144088 0 -0.135237 3.87882 3.87882 3.87882 grass_prop.obj 0.011739 10 0.5 0.8
803 3 -30 39.8347 169 -0.144088 0 -0.135237 3.87882 3.87882 3.87882 grass_prop.obj 0.011739 10 0.5 0.8
804 3 21 39.8347 150.5 -0.144088 0 -0.135237 3.87882 3.87882 3.87882 grass_prop.obj 0.011739 10 0.5 0.8
805 3 19.5 39.8347 151 -0.144088 0 -0.135237 3.87882 3.87882 3.87882 grass_prop.obj 0.011739 10 0.5 0.8
806 3 19.5 39.8347 153.5 -0.144088 0 -0.135237 3.87882 3.87882 3.87882 grass_prop.obj 0.011739 10 0.5 0.8
810 3 87 31.8347 153 -0.144088 0 -0.135237 3.87882 3.87882 3.87882 grass_prop.obj 0.011739 10 0.5 0.8
811 3 90 31.8347 170 -0.144088 0 -0.135237 3.87882 3.87882 3.87882 grass_prop.obj 0.011739 10 0.5 0.8
812 3 90 32.3347 168 -0.144088 0 -0.135237 3.87882 3.87882 3.87882 grass_prop.obj 0.011739 10 0.5 0.8
814 0 -150 39.95 62 0 0 0 1 1 1 truck1.obj -0.005134 10 0.5 0.8
815 1 -177 39.95 78.5 0 -0.0218053 0 1.03662 1.03662 1.03662 car_sedan.obj 0.741416 1100 0.12 0.9
816 1 -172.5 40 82 0 -3.10272 0 0.15991 0.15991 0.15991 fence_chain.obj -0 40 0.2 0.85
817 1 -176.4 40 82.05 0 -3.10272 0 0.15991 0.15991 0.15991 fence_chain.obj -0 40 0.2 0.85
818 1 -180.2 40 82.15 0 -3.10272 0 0.15991 0.15991 0.15991 fence_chain.obj -0 40 0.2 0.85
819 1 -184.05 40 82.3 0 -3.10272 0 0.15991 0.15991 0.15991 fence_chain.obj -0 40 0.2 0.85
820 1 -186 40 80.25 0 -4.70892 0 0.15991 0.15991 0.15991 fence_chain.obj -0 40 0.2 0.85
821 1 -186.05 40 76.25 0 -4.70892 0 0.15991 0.15991 0.15991 fence_chain.obj -0 40 0.2 0.85
822 1 -186.05 40 72.3 0 -4.70892 0 0.15991 0.15991 0.15991 fence_chain.obj -0 40 0.2 0.85
823 1 -186.05 40 68.4001 0 -4.70892 0 0.15991 0.15991 0.15991 fence_chain.obj -0 40 0.2 0.85
824 1 -186.05 40 64.45 0 -4.70892 0 0.15991 0.15991 0.15991 fence_chain.obj -0 40 0.2 0.85
825 1 -186.05 40 60.55 0 -4.70892 0 0.15991 0.15991 0.15991 fence_chain.obj -0 40 0.2 0.85
826 1 -184.2 40 58.5 0 -6.26788 0 0.15991 0.15991 0.15991 fence_chain.obj -0 40 0.2 0.85
827 1 -180.3 40 58.5 0 -6.26788 0 0.15991 0.15991 0.15991 fence_chain.obj -0 40 0.2 0.85
828 1 -176.4 40 58.5 0 -6.26788 0 0.15991 0.15991 0.15991 fence_chain.obj -0 40 0.2 0.85
829 0 -94.5 8.1087 101 0.317109 1.62534 -0.00419769 0.142313 0.142313 0.142313 coconut_tree.obj -0 10 0.5 0.8
830 0 -139.5 40.45 16.5 0 4.70215 0 1.11428 1.11428 1.11428 house_1.obj 3.91755 10 0.5 0.8
831 0 -139.55 40.45 21.95 0 4.70215 0 1.11428 1.11428 1.11428 house_1.obj 3.91755 10 0.5 0.8
832 0 -139.4 40.45 11.2 0 4.70215 0 1.11428 1.11428 1.11428 house_1.obj 3.91755 10 0.5 0.8
833 0 -139.35 40.45 5.90001 0 4.70215 0 1.11428 1.11428 1.11428 house_1.obj 3.91755 10 0.5 0.8
834 1 -134 40 21.65 0 -1.58478 0 0.15991 0.15991 0.15991 fence_chain.obj -0 40 0.2 0.85
835 1 -134 40 25.5 0 -1.58478 0 0.15991 0.15991 0.15991 fence_chain.obj -0 40 0.2 0.85
836 1 -134 40 17.8 0 -1.58478 0 0.15991 0.15991 0.15991 fence_chain.obj -0 40 0.2 0.85
837 1 -134 40 13.9 0 -1.58478 0 0.15991 0.15991 0.15991 fence_chain.obj -0 40 0.2 0.85
838 1 -134 40 9.95001 0 -1.58478 0 0.15991 0.15991 0.15991 fence_chain.obj -0 40 0.2 0.85
840 1 -133.95 40 6 0 -1.58478 0 0.15991 0.15991 0.15991 fence_chain.obj -0 40 0.2 0.85
841 1 -133.85 40 2.1 0 -1.58478 0 0.15991 0.15991 0.15991 fence_chain.obj -0 40 0.2 0.85
842 1 -135.75 40 0.25 0 -3.15477 0 0.15991 0.15991 0.15991 fence_chain.obj -0 40 0.2 0.85
843 1 -139.65 40 0.2 0 -3.15477 0 0.15991 0.15991 0.15991 fence_chain.obj -0 40 0.2 0.85
844 1 -143.55 40 0.2 0 -3.15477 0 0.15991 0.15991 0.15991 fence_chain.obj -0 40 0.2 0.85
845 1 -147.45 40 0.2 0 -3.15477 0 0.15991 0.15991 0.15991 fence_chain.obj -0 40 0.2 0.85
846 1 -149.5 40 2.1 0 -4.70714 0 0.15991 0.15991 0.15991 fence_chain.obj -0 40 0.2 0.85
848 1 -149.5 40 6 0 -4.70714 0 0.15991 0.15991 0.15991 fence_chain.obj -0 40 0.2 0.85
849 1 -149.5 40 9.9 0 -4.70714 0 0.15991 0.15991 0.15991 fence_chain.obj -0 40 0.2 0.85
850 1 -149.5 40 13.8 0 -4.70714 0 0.15991 0.15991 0.15991 fence_chain.obj -0 40 0.2 0.85
851 1 -136.05 40 27.5 0 -6.27919 0 0.15991 0.15991 0.15991 fence_chain.obj -0 40 0.2 0.85
854 1 -139.9 40 27.55 0 -6.27919 0 0.15991 0.15991 0.15991 fence_chain.obj -0 40 0.2 0.85
855 1 -143.8 40 27.6 0 -6.27919 0 0.15991 0.15991 0.15991 fence_chain.obj -0 40 0.2 0.85
856 1 -147.7 40 27.6 0 -6.27919 0 0.15991 0.15991 0.15991 fence_chain.obj -0 40 0.2 0.85
857 1 -149.6 40 25.6 0 -7.83751 0 0.15991 0.15991 0.15991 fence_chain.obj -0 40 0.2 0.85
858 1 -149.6 40 21.7 0 -7.83751 0 0.15991 0.15991 0.15991 fence_chain.obj -0 40 0.2 0.85
859 0 -144.5 39.95 38.5 0 -0.147271 0 1 1 1 motorcycle2.obj 0.001656 999 0.1 0.99
860 3 -131.5 39.8347 75.5 -0.144088 0 -0.135237 4.07146 4.07146 4.07146 grass_prop.obj 0.011739 10 0.5 0.8
861 3 -150.5 39.8347 52.5 -0.144088 0 -0.135237 4.07146 4.07146 4.07146 grass_prop.obj 0.011739 10 0.5 0.8
863 3 -141.5 39.8347 51.5 -0.144088 0 -0.135237 3.28791 3.28791 3.28791 grass_prop.obj 0.011739 10 0.5 0.8
864 3 -139.5 39.8347 53 -0.144088 0 -0.135237 3.25535 3.25535 3.25535 grass_prop.obj 0.011739 10 0.5 0.8
865 3 -138 39.8347 51 -0.144088 0 -0.135237 3.28791 3.28791 3.28791 grass_prop.obj 0.011739 10 0.5 0.8
866 0 -188.5 39.4222 109.5 0.540314 1.65472 -0.0333391 0.168346 0.168346 0.168346 tree1obj.obj -0 10 0.5 0.8
867 0 -187.5 39.4222 85 0.540314 1.65472 -0.0333391 0.168346 0.168346 0.168346 tree1obj.obj -0 10 0.5 0.8
868 0 -187 39.4222 53 0.540314 1.65472 -0.0333391 0.168346 0.168346 0.168346 tree1obj.obj -0 10 0.5 0.8
869 0 -128.5 39.4222 25.5 0.540314 1.65472 -0.0333391 0.168346 0.168346 0.168346 tree1obj.obj -0 10 0.5 0.8
871 0 -129.5 39.4222 -15 0.540314 1.65472 -0.0333391 0.168346 0.168346 0.168346 tree1obj.obj -0 10 0.5 0.8
872 1 -157 40 8.5 0 -0.0103912 0 2.25859 2.25859 2.25859 trash_bin1.obj 2.6e-05 12 0.45 0.7
873 1 -158.5 40 7.5 0 3.24568 0 2.25859 2.25859 2.25859 trash_bin1.obj 2.6e-05 12 0.45 0.7
874 1 -158.25 40 8.5 0 0.0482483 0 1 1 1 garbage_bag1.obj 0.130883 1.5 0.2 0.95
875 1 -158.15 40 7.95 0 -1.62552 0 1 1 1 garbage_bag1.obj 0.130883 1.5 0.2 0.95
876 1 -158.3 40 7.55 0 -3.30954 0 1 1 1 garbage_bag1.obj 0.130883 1.5 0.2 0.95
877 0 -161 39.1 0.5 0 15.6981 0 0.387995 0.387995 0.387995 street_light2.obj 1.29257 10 0.5 0.8
878 0 -173 39.1 23 0 18.8458 0 0.387995 0.387995 0.387995 street_light2.obj 1.29257 10 0.5 0.8
879 0 -161 39.5 -3 0 -1.59723 0 0.458836 0.458836 0.458836 bus_stop.obj 1.82465 10 0.5 0.8
880 3 20.5 37.4847 172 -0.144088 0 -0.135237 4.07146 4.07146 4.07146 grass_prop.obj 0.011739 10 0.5 0.8
882 3 135 25.9847 160.5 -0.144088 0 -0.135237 3.87882 3.87882 3.87882 grass_prop.obj 0.011739 10 0.5 0.8
883 3 160 24.6347 135 -0.144088 0 -0.135237 3.87882 3.87882 3.87882 grass_prop.obj 0.011739 10 0.5 0.8
884 0 -152.5 39.95 37 0 -0.0682983 0 0.0295819 0.0295819 0.0295819 TRAYSIKEL.obj -0.030169 999 0.1 0.99
885 0 -181.5 39.35 43 0 3.17302 0 0.843779 0.843779 0.843779 car_repair.obj 0.008542 10 0.5 0.8
887 0 -182.5 39.95 27.5 0 -0.00549531 0 1.31551 1.31551 1.31551 church.obj 0.216836 10 0.5 0.8
889 0 -182 39.9755 -7 0 0 0 1 1 1 hoop.obj -1e-06 10 0.5 0.8
891 0 -182 39.9755 14.5 0 3.1452 0 1 1 1 hoop.obj -1e-06 10 0.5 0.8
892 1 -188.5 40 -5.85 0 -4.73163 0 0.15991 0.15991 0.15991 fence_chain.obj -0 40 0.2 0.85
893 1 -188.55 40 -2 0 -4.73163 0 0.15991 0.15991 0.15991 fence_chain.obj -0 40 0.2 0.85
894 1 -188.65 40 1.9 0 -4.73163 0 0.15991 0.15991 0.15991 fence_chain.obj -0 40 0.2 0.85
895 1 -188.65 40 5.8 0 -4.73163 0 0.15991 0.15991 0.15991 fence_chain.obj -0 40 0.2 0.85
896 1 -188.65 40 9.64999 0 -4.73163 0 0.15991 0.15991 0.15991 fence_chain.obj -0 40 0.2 0.85
897 1 -188.65 40 13.55 0 -4.73163 0 0.15991 0.15991 0.15991 fence_chain.obj -0 40 0.2 0.85
912 1 -188.5 42.7 -5.85 0 -4.73163 0 0.15991 0.15991 0.15991 fence_chain.obj -0 40 0.2 0.85
913 1 -188.55 42.7 -2 0 -4.73163 0 0.15991 0.15991 0.15991 fence_chain.obj -0 40 0.2 0.85
914 1 -188.6 42.7 1.9 0 -4.73163 0 0.15991 0.15991 0.15991 fence_chain.obj -0 40 0.2 0.85
916 1 -188.65 42.7 5.6 0 -4.73163 0 0.15991 0.15991 0.15991 fence_chain.obj -0 40 0.2 0.85
918 1 -188.7 42.7 9.45 0 -4.73163 0 0.15991 0.15991 0.15991 fence_chain.obj -0 40 0.2 0.85
919 1 -188.7 42.7 13.35 0 -4.73163 0 0.15991 0.15991 0.15991 fence_chain.obj -0 40 0.2 0.85
