seat 0.459114 -0.013883 -0.350781
quat 0 0.997173 0.0682936 -0.0312746 0.000665647
quat 1 0.995039 0.0994757 0 0
quat 2 0.957362 0.285179 0.0183305 -0.0424052
quat 3 0.965536 0.246733 -0.0666331 0.0492431
quat 4 0.996233 -0.0248588 0.0452238 0.0697032
quat 5 -0.976678 -0.0339113 0.0783883 -0.196982
offset 0 0 -9.46303 -12.1338
offset 1 -0.00430298 -16.3537 -14.0292
offset 2 0.638472 10.3459 -3.84603
offset 3 4.81055 14.0681 0.352539
offset 4 6.04016 10.1558 -10.1917
offset 5 -2.59717 7.92906 -12.582
